9.999999999970381470e-01 2.433881491012796539e-06 0.000000000000000000e+00 -8.000000000000000000e+00 -2.433881491012796539e-06 9.999999999970381470e-01 0.000000000000000000e+00 5.000000000000000000e+00 0.000000000000000000e+00 0.000000000000000000e+00 1.000000000000000000e+00 0.000000000000000000e+00
9.973667100751146819e-01 -7.252341438419841746e-02 0.000000000000000000e+00 -8.008773803710937500e+00 7.252341438419841746e-02 9.973667100751146819e-01 0.000000000000000000e+00 4.602882385253906250e+00 0.000000000000000000e+00 0.000000000000000000e+00 1.000000000000000000e+00 0.000000000000000000e+00
9.891579805739489917e-01 -1.468553351665068674e-01 0.000000000000000000e+00 -7.984910964965820312e+00 1.468553351665068674e-01 9.891579805739489917e-01 0.000000000000000000e+00 4.206949710845947266e+00 0.000000000000000000e+00 0.000000000000000000e+00 1.000000000000000000e+00 0.000000000000000000e+00
9.597966230953945965e-01 -2.806963524783980812e-01 0.000000000000000000e+00 -7.885471820831298828e+00 2.806963524783980812e-01 9.597966230953945965e-01 0.000000000000000000e+00 3.881031751632690430e+00 0.000000000000000000e+00 0.000000000000000000e+00 1.000000000000000000e+00 0.000000000000000000e+00
9.240745452837567653e-01 -3.822122901721216603e-01 0.000000000000000000e+00 -7.725804805755615234e+00 3.822122901721216603e-01 9.240745452837567653e-01 0.000000000000000000e+00 3.568326473236083984e+00 0.000000000000000000e+00 0.000000000000000000e+00 1.000000000000000000e+00 0.000000000000000000e+00
8.527549768386305518e-01 -5.223111615473545744e-01 0.000000000000000000e+00 -7.556942462921142578e+00 5.223111615473545744e-01 8.527549768386305518e-01 0.000000000000000000e+00 3.106233596801757812e+00 0.000000000000000000e+00 0.000000000000000000e+00 1.000000000000000000e+00 0.000000000000000000e+00
8.723643785451411503e-01 -4.888562069213703287e-01 0.000000000000000000e+00 -7.153136730194091797e+00 4.888562069213703287e-01 8.723643785451411503e-01 0.000000000000000000e+00 2.730402708053588867e+00 0.000000000000000000e+00 0.000000000000000000e+00 1.000000000000000000e+00 0.000000000000000000e+00
8.625302523629472251e-01 -5.060054977554201416e-01 0.000000000000000000e+00 -6.891404151916503906e+00 5.060054977554201416e-01 8.625302523629472251e-01 0.000000000000000000e+00 2.330815315246582031e+00 0.000000000000000000e+00 0.000000000000000000e+00 1.000000000000000000e+00 0.000000000000000000e+00
7.770661211133321755e-01 -6.294189728772721093e-01 0.000000000000000000e+00 -6.621995449066162109e+00 6.294189728772721093e-01 7.770661211133321755e-01 0.000000000000000000e+00 1.997808098793029785e+00 0.000000000000000000e+00 0.000000000000000000e+00 1.000000000000000000e+00 0.000000000000000000e+00
7.091286408204022784e-01 -7.050791237642828335e-01 0.000000000000000000e+00 -6.330430507659912109e+00 7.050791237642828335e-01 7.091286408204022784e-01 0.000000000000000000e+00 1.591231226921081543e+00 0.000000000000000000e+00 0.000000000000000000e+00 1.000000000000000000e+00 0.000000000000000000e+00
6.723441377842382938e-01 -7.402387185139461812e-01 0.000000000000000000e+00 -5.932698726654052734e+00 7.402387185139461812e-01 6.723441377842382938e-01 0.000000000000000000e+00 1.348387837409973145e+00 0.000000000000000000e+00 0.000000000000000000e+00 1.000000000000000000e+00 0.000000000000000000e+00
7.613186238052298549e-01 -6.483779399758375916e-01 0.000000000000000000e+00 -5.689050197601318359e+00 6.483779399758375916e-01 7.613186238052298549e-01 0.000000000000000000e+00 1.033208847045898438e+00 0.000000000000000000e+00 0.000000000000000000e+00 1.000000000000000000e+00 0.000000000000000000e+00
7.327264923862562007e-01 -6.805232452718522618e-01 0.000000000000000000e+00 -5.344298839569091797e+00 6.805232452718522618e-01 7.327264923862562007e-01 0.000000000000000000e+00 7.685505151748657227e-01 0.000000000000000000e+00 0.000000000000000000e+00 1.000000000000000000e+00 0.000000000000000000e+00
6.904673879308779183e-01 -7.233635228596411171e-01 0.000000000000000000e+00 -5.077189445495605469e+00 7.233635228596411171e-01 6.904673879308779183e-01 0.000000000000000000e+00 2.496905475854873657e-01 0.000000000000000000e+00 0.000000000000000000e+00 1.000000000000000000e+00 0.000000000000000000e+00
5.439480337994676562e-01 -8.391189048792151439e-01 0.000000000000000000e+00 -4.746405124664306641e+00 8.391189048792151439e-01 5.439480337994676562e-01 0.000000000000000000e+00 1.389316916465759277e-01 0.000000000000000000e+00 0.000000000000000000e+00 1.000000000000000000e+00 0.000000000000000000e+00
5.377618795522113304e-01 -8.430967684082728564e-01 0.000000000000000000e+00 -4.333907127380371094e+00 8.430967684082728564e-01 5.377618795522113304e-01 0.000000000000000000e+00 -1.596184670925140381e-01 0.000000000000000000e+00 0.000000000000000000e+00 1.000000000000000000e+00 0.000000000000000000e+00
4.271180761742338627e-01 -9.041958576576323292e-01 0.000000000000000000e+00 -4.138900279998779297e+00 9.041958576576323292e-01 4.271180761742338627e-01 0.000000000000000000e+00 -4.015012681484222412e-01 0.000000000000000000e+00 0.000000000000000000e+00 1.000000000000000000e+00 0.000000000000000000e+00
4.048100869094209409e-01 -9.144007838668922750e-01 0.000000000000000000e+00 -3.551453590393066406e+00 9.144007838668922750e-01 4.048100869094209409e-01 0.000000000000000000e+00 -5.675767064094543457e-01 0.000000000000000000e+00 0.000000000000000000e+00 1.000000000000000000e+00 0.000000000000000000e+00
4.706500497641254999e-01 -8.823199706778863671e-01 0.000000000000000000e+00 -3.192102193832397461e+00 8.823199706778863671e-01 4.706500497641254999e-01 0.000000000000000000e+00 -8.634265065193176270e-01 0.000000000000000000e+00 0.000000000000000000e+00 1.000000000000000000e+00 0.000000000000000000e+00
4.621288991965488147e-01 -8.868127652032226083e-01 0.000000000000000000e+00 -2.834499359130859375e+00 8.868127652032226083e-01 4.621288991965488147e-01 0.000000000000000000e+00 -8.598565459251403809e-01 0.000000000000000000e+00 0.000000000000000000e+00 1.000000000000000000e+00 0.000000000000000000e+00
3.404410797599892180e-01 -9.402658513483581615e-01 0.000000000000000000e+00 -2.911950349807739258e+00 9.402658513483581615e-01 3.404410797599892180e-01 0.000000000000000000e+00 -9.877751469612121582e-01 0.000000000000000000e+00 0.000000000000000000e+00 1.000000000000000000e+00 0.000000000000000000e+00
2.264095622394434459e-01 -9.740321915247686091e-01 0.000000000000000000e+00 -2.616064548492431641e+00 9.740321915247686091e-01 2.264095622394434459e-01 0.000000000000000000e+00 -9.624484777450561523e-01 0.000000000000000000e+00 0.000000000000000000e+00 1.000000000000000000e+00 0.000000000000000000e+00
1.029447350357119567e-01 -9.946870771898200791e-01 0.000000000000000000e+00 -2.121504306793212891e+00 9.946870771898200791e-01 1.029447350357119567e-01 0.000000000000000000e+00 -9.485625028610229492e-01 0.000000000000000000e+00 0.000000000000000000e+00 1.000000000000000000e+00 0.000000000000000000e+00
-1.145698171738675358e-01 -9.934151986922419297e-01 0.000000000000000000e+00 -1.711359977722167969e+00 9.934151986922419297e-01 -1.145698171738675358e-01 0.000000000000000000e+00 -8.545330166816711426e-01 0.000000000000000000e+00 0.000000000000000000e+00 1.000000000000000000e+00 0.000000000000000000e+00
-2.750085455953435454e-01 -9.614417818305660557e-01 0.000000000000000000e+00 -1.280806422233581543e+00 9.614417818305660557e-01 -2.750085455953435454e-01 0.000000000000000000e+00 -7.744489312171936035e-01 0.000000000000000000e+00 0.000000000000000000e+00 1.000000000000000000e+00 0.000000000000000000e+00
-4.126257158374735945e-01 -9.109006634258274282e-01 0.000000000000000000e+00 -9.763657450675964355e-01 9.109006634258274282e-01 -4.126257158374735945e-01 0.000000000000000000e+00 -5.681359767913818359e-01 0.000000000000000000e+00 0.000000000000000000e+00 1.000000000000000000e+00 0.000000000000000000e+00
-5.614888393817514256e-01 -8.274843099719375594e-01 0.000000000000000000e+00 -8.116640448570251465e-01 8.274843099719375594e-01 -5.614888393817514256e-01 0.000000000000000000e+00 -3.112184107303619385e-01 0.000000000000000000e+00 0.000000000000000000e+00 1.000000000000000000e+00 0.000000000000000000e+00
-6.451621251801556989e-01 -7.640457003563498883e-01 0.000000000000000000e+00 -6.442543864250183105e-01 7.640457003563498883e-01 -6.451621251801556989e-01 0.000000000000000000e+00 -1.099742427468299866e-01 0.000000000000000000e+00 0.000000000000000000e+00 1.000000000000000000e+00 0.000000000000000000e+00
-8.002688045026096209e-01 -5.996414266375897917e-01 0.000000000000000000e+00 -3.905550241470336914e-01 5.996414266375897917e-01 -8.002688045026096209e-01 0.000000000000000000e+00 2.333332598209381104e-01 0.000000000000000000e+00 0.000000000000000000e+00 1.000000000000000000e+00 0.000000000000000000e+00
-8.966272482014251421e-01 -4.427861535580578933e-01 0.000000000000000000e+00 -7.583969831466674805e-02 4.427861535580578933e-01 -8.966272482014251421e-01 0.000000000000000000e+00 6.408658623695373535e-01 0.000000000000000000e+00 0.000000000000000000e+00 1.000000000000000000e+00 0.000000000000000000e+00
9.253206572851248035e-01 3.791855498320375051e-01 0.000000000000000000e+00 4.905956611037254333e-02 -3.791855498320375051e-01 9.253206572851248035e-01 0.000000000000000000e+00 9.598854184150695801e-01 0.000000000000000000e+00 0.000000000000000000e+00 1.000000000000000000e+00 0.000000000000000000e+00
9.587627908029426882e-01 2.842075139255694216e-01 0.000000000000000000e+00 1.716293394565582275e-01 -2.842075139255694216e-01 9.587627908029426882e-01 0.000000000000000000e+00 1.483064293861389160e+00 0.000000000000000000e+00 0.000000000000000000e+00 1.000000000000000000e+00 0.000000000000000000e+00
9.744034210063260426e-01 2.248065237735961119e-01 0.000000000000000000e+00 2.552787959575653076e-01 -2.248065237735961119e-01 9.744034210063260426e-01 0.000000000000000000e+00 1.887107610702514648e+00 0.000000000000000000e+00 0.000000000000000000e+00 1.000000000000000000e+00 0.000000000000000000e+00
9.999987639487193380e-01 1.572291650267180780e-03 0.000000000000000000e+00 3.906066715717315674e-01 -1.572291650267180780e-03 9.999987639487193380e-01 0.000000000000000000e+00 2.124307870864868164e+00 0.000000000000000000e+00 0.000000000000000000e+00 1.000000000000000000e+00 0.000000000000000000e+00
9.808894188162822214e-01 -1.945660506210064034e-01 0.000000000000000000e+00 1.749546974897384644e-01 1.945660506210064034e-01 9.808894188162822214e-01 0.000000000000000000e+00 2.562558650970458984e+00 0.000000000000000000e+00 0.000000000000000000e+00 1.000000000000000000e+00 0.000000000000000000e+00
9.382324263892609650e-01 -3.460056561267748632e-01 0.000000000000000000e+00 2.487095305696129799e-03 3.460056561267748632e-01 9.382324263892609650e-01 0.000000000000000000e+00 3.018732786178588867e+00 0.000000000000000000e+00 0.000000000000000000e+00 1.000000000000000000e+00 0.000000000000000000e+00
8.664144714586716756e-01 -4.993255087084881860e-01 0.000000000000000000e+00 -2.735925614833831787e-01 4.993255087084881860e-01 8.664144714586716756e-01 0.000000000000000000e+00 3.304610013961791992e+00 0.000000000000000000e+00 0.000000000000000000e+00 1.000000000000000000e+00 0.000000000000000000e+00
7.713111943745982746e-01 -6.364582008525230261e-01 0.000000000000000000e+00 -4.158360362052917480e-01 6.364582008525230261e-01 7.713111943745982746e-01 0.000000000000000000e+00 3.749733686447143555e+00 0.000000000000000000e+00 0.000000000000000000e+00 1.000000000000000000e+00 0.000000000000000000e+00
7.634464681210806347e-01 -6.458711096754892189e-01 0.000000000000000000e+00 -5.918858051300048828e-01 6.458711096754892189e-01 7.634464681210806347e-01 0.000000000000000000e+00 4.147392272949218750e+00 0.000000000000000000e+00 0.000000000000000000e+00 1.000000000000000000e+00 0.000000000000000000e+00
7.471636539297205060e-01 -6.646401088155821091e-01 0.000000000000000000e+00 -9.247961640357971191e-01 6.646401088155821091e-01 7.471636539297205060e-01 0.000000000000000000e+00 4.605474472045898438e+00 0.000000000000000000e+00 0.000000000000000000e+00 1.000000000000000000e+00 0.000000000000000000e+00
-7.581141309705698994e-01 6.521218938379063079e-01 0.000000000000000000e+00 -8.364562392234802246e-01 -6.521218938379063079e-01 -7.581141309705698994e-01 0.000000000000000000e+00 4.464210510253906250e+00 0.000000000000000000e+00 0.000000000000000000e+00 1.000000000000000000e+00 0.000000000000000000e+00
6.324805663134931422e-01 -7.745762281633505886e-01 0.000000000000000000e+00 -1.410093188285827637e+00 7.745762281633505886e-01 6.324805663134931422e-01 0.000000000000000000e+00 4.923946380615234375e+00 0.000000000000000000e+00 0.000000000000000000e+00 1.000000000000000000e+00 0.000000000000000000e+00
4.750869475569070022e-01 -8.799388571151183225e-01 0.000000000000000000e+00 -1.791608691215515137e+00 8.799388571151183225e-01 4.750869475569070022e-01 0.000000000000000000e+00 5.147618770599365234e+00 0.000000000000000000e+00 0.000000000000000000e+00 1.000000000000000000e+00 0.000000000000000000e+00
3.815453861934443580e-01 -9.243501058984606722e-01 0.000000000000000000e+00 -2.226973772048950195e+00 9.243501058984606722e-01 3.815453861934443580e-01 0.000000000000000000e+00 5.499952316284179688e+00 0.000000000000000000e+00 0.000000000000000000e+00 1.000000000000000000e+00 0.000000000000000000e+00
2.750568812850200384e-01 -9.614279546891479900e-01 0.000000000000000000e+00 -2.689983844757080078e+00 9.614279546891479900e-01 2.750568812850200384e-01 0.000000000000000000e+00 5.784848690032958984e+00 0.000000000000000000e+00 0.000000000000000000e+00 1.000000000000000000e+00 0.000000000000000000e+00
2.118929425092046515e-01 -9.772928838965271314e-01 0.000000000000000000e+00 -3.174683570861816406e+00 9.772928838965271314e-01 2.118929425092046515e-01 0.000000000000000000e+00 5.837769985198974609e+00 0.000000000000000000e+00 0.000000000000000000e+00 1.000000000000000000e+00 0.000000000000000000e+00
1.805135495370698284e-01 -9.835724978025401910e-01 0.000000000000000000e+00 -3.558357238769531250e+00 9.835724978025401910e-01 1.805135495370698284e-01 0.000000000000000000e+00 5.879177570343017578e+00 0.000000000000000000e+00 0.000000000000000000e+00 1.000000000000000000e+00 0.000000000000000000e+00
5.430887368756854433e-02 -9.985241841031131660e-01 0.000000000000000000e+00 -4.069499492645263672e+00 9.985241841031131660e-01 5.430887368756854433e-02 0.000000000000000000e+00 6.190624237060546875e+00 0.000000000000000000e+00 0.000000000000000000e+00 1.000000000000000000e+00 0.000000000000000000e+00
-7.453198400730448592e-02 -9.972186236527750269e-01 0.000000000000000000e+00 -4.542192935943603516e+00 9.972186236527750269e-01 -7.453198400730448592e-02 0.000000000000000000e+00 6.170134067535400391e+00 0.000000000000000000e+00 0.000000000000000000e+00 1.000000000000000000e+00 0.000000000000000000e+00
-1.040289636686450858e-01 -9.945742680755559340e-01 0.000000000000000000e+00 -5.118222236633300781e+00 9.945742680755559340e-01 -1.040289636686450858e-01 0.000000000000000000e+00 6.162462711334228516e+00 0.000000000000000000e+00 0.000000000000000000e+00 1.000000000000000000e+00 0.000000000000000000e+00
-1.890321912754552580e-01 -9.819708909441254852e-01 0.000000000000000000e+00 -5.564167976379394531e+00 9.819708909441254852e-01 -1.890321912754552580e-01 0.000000000000000000e+00 6.206277847290039062e+00 0.000000000000000000e+00 0.000000000000000000e+00 1.000000000000000000e+00 0.000000000000000000e+00
-1.626123772324737649e-01 -9.866900297311226309e-01 0.000000000000000000e+00 -6.005540847778320312e+00 9.866900297311226309e-01 -1.626123772324737649e-01 0.000000000000000000e+00 6.043358325958251953e+00 0.000000000000000000e+00 0.000000000000000000e+00 1.000000000000000000e+00 0.000000000000000000e+00
-3.559564614674443073e-01 -9.345025401461335424e-01 0.000000000000000000e+00 -6.468178749084472656e+00 9.345025401461335424e-01 -3.559564614674443073e-01 0.000000000000000000e+00 6.017089366912841797e+00 0.000000000000000000e+00 0.000000000000000000e+00 1.000000000000000000e+00 0.000000000000000000e+00
-4.064325628383769762e-01 -9.136807822563790538e-01 0.000000000000000000e+00 -6.756280422210693359e+00 9.136807822563790538e-01 -4.064325628383769762e-01 0.000000000000000000e+00 6.043648719787597656e+00 0.000000000000000000e+00 0.000000000000000000e+00 1.000000000000000000e+00 0.000000000000000000e+00
-5.059802445456158537e-01 -8.625450667237966051e-01 0.000000000000000000e+00 -7.067514896392822266e+00 8.625450667237966051e-01 -5.059802445456158537e-01 0.000000000000000000e+00 5.797045707702636719e+00 0.000000000000000000e+00 0.000000000000000000e+00 1.000000000000000000e+00 0.000000000000000000e+00
-5.905379697481196732e-01 -8.070098551354678573e-01 0.000000000000000000e+00 -7.601301670074462891e+00 8.070098551354678573e-01 -5.905379697481196732e-01 0.000000000000000000e+00 5.719832420349121094e+00 0.000000000000000000e+00 0.000000000000000000e+00 1.000000000000000000e+00 0.000000000000000000e+00
-6.883139181290018893e-01 -7.254129514351820296e-01 0.000000000000000000e+00 -8.075624465942382812e+00 7.254129514351820296e-01 -6.883139181290018893e-01 0.000000000000000000e+00 5.399260044097900391e+00 0.000000000000000000e+00 0.000000000000000000e+00 1.000000000000000000e+00 0.000000000000000000e+00
-7.500434886058912065e-01 -6.613885130540931856e-01 0.000000000000000000e+00 -8.292205810546875000e+00 6.613885130540931856e-01 -7.500434886058912065e-01 0.000000000000000000e+00 5.085758209228515625e+00 0.000000000000000000e+00 0.000000000000000000e+00 1.000000000000000000e+00 0.000000000000000000e+00
-9.518791728842700417e-01 -3.064735555136166578e-01 0.000000000000000000e+00 -8.624438285827636719e+00 3.064735555136166578e-01 -9.518791728842700417e-01 0.000000000000000000e+00 4.676404953002929688e+00 0.000000000000000000e+00 0.000000000000000000e+00 1.000000000000000000e+00 0.000000000000000000e+00
-9.784814533871660780e-01 -2.063347895468410631e-01 0.000000000000000000e+00 -8.766848564147949219e+00 2.063347895468410631e-01 -9.784814533871660780e-01 0.000000000000000000e+00 4.324967861175537109e+00 0.000000000000000000e+00 0.000000000000000000e+00 1.000000000000000000e+00 0.000000000000000000e+00
1.398843661488793910e-01 -9.901678464316674422e-01 0.000000000000000000e+00 -8.661494255065917969e+00 9.901678464316674422e-01 1.398843661488793910e-01 0.000000000000000000e+00 4.418395519256591797e+00 0.000000000000000000e+00 0.000000000000000000e+00 1.000000000000000000e+00 0.000000000000000000e+00
-9.670472429262289005e-01 2.545969951684019517e-01 0.000000000000000000e+00 -8.574113845825195312e+00 -2.545969951684019517e-01 -9.670472429262289005e-01 0.000000000000000000e+00 4.035907745361328125e+00 0.000000000000000000e+00 0.000000000000000000e+00 1.000000000000000000e+00 0.000000000000000000e+00
-8.354662618582370248e-01 5.495417411777050454e-01 0.000000000000000000e+00 -8.498839378356933594e+00 -5.495417411777050454e-01 -8.354662618582370248e-01 0.000000000000000000e+00 3.684757709503173828e+00 0.000000000000000000e+00 0.000000000000000000e+00 1.000000000000000000e+00 0.000000000000000000e+00
-6.323966531797535762e-01 7.746447398950350172e-01 0.000000000000000000e+00 -8.217072486877441406e+00 -7.746447398950350172e-01 -6.323966531797535762e-01 0.000000000000000000e+00 3.277314424514770508e+00 0.000000000000000000e+00 0.000000000000000000e+00 1.000000000000000000e+00 0.000000000000000000e+00
-3.053666063936058550e-01 9.522348637282992412e-01 0.000000000000000000e+00 -7.771983146667480469e+00 -9.522348637282992412e-01 -3.053666063936058550e-01 0.000000000000000000e+00 3.087337255477905273e+00 0.000000000000000000e+00 0.000000000000000000e+00 1.000000000000000000e+00 0.000000000000000000e+00
-1.843102118210188101e-02 9.998301343019148080e-01 0.000000000000000000e+00 -7.281317234039306641e+00 -9.998301343019148080e-01 -1.843102118210188101e-02 0.000000000000000000e+00 3.176864624023437500e+00 0.000000000000000000e+00 0.000000000000000000e+00 1.000000000000000000e+00 0.000000000000000000e+00
1.566926870901814983e-01 9.876474076371883903e-01 0.000000000000000000e+00 -6.645316600799560547e+00 -9.876474076371883903e-01 1.566926870901814983e-01 0.000000000000000000e+00 3.204560756683349609e+00 0.000000000000000000e+00 0.000000000000000000e+00 1.000000000000000000e+00 0.000000000000000000e+00
3.909170692497573874e-01 9.204259041167737188e-01 0.000000000000000000e+00 -6.138113021850585938e+00 -9.204259041167737188e-01 3.909170692497573874e-01 0.000000000000000000e+00 3.384334087371826172e+00 0.000000000000000000e+00 0.000000000000000000e+00 1.000000000000000000e+00 0.000000000000000000e+00
6.730796665986208405e-01 7.395699847962255991e-01 0.000000000000000000e+00 -5.978390693664550781e+00 -7.395699847962255991e-01 6.730796665986208405e-01 0.000000000000000000e+00 3.705089092254638672e+00 0.000000000000000000e+00 0.000000000000000000e+00 1.000000000000000000e+00 0.000000000000000000e+00
8.868641385459042903e-01 4.620303017781746124e-01 0.000000000000000000e+00 -5.798367500305175781e+00 -4.620303017781746124e-01 8.868641385459042903e-01 0.000000000000000000e+00 4.162927150726318359e+00 0.000000000000000000e+00 0.000000000000000000e+00 1.000000000000000000e+00 0.000000000000000000e+00
-9.941140851517081822e-01 -1.083382928745988544e-01 0.000000000000000000e+00 -5.598917484283447266e+00 1.083382928745988544e-01 -9.941140851517081822e-01 0.000000000000000000e+00 4.582221031188964844e+00 0.000000000000000000e+00 0.000000000000000000e+00 1.000000000000000000e+00 0.000000000000000000e+00
-9.899947843733012398e-01 1.411039578242251347e-01 0.000000000000000000e+00 -5.742660045623779297e+00 -1.411039578242251347e-01 -9.899947843733012398e-01 0.000000000000000000e+00 5.271917343139648438e+00 0.000000000000000000e+00 0.000000000000000000e+00 1.000000000000000000e+00 0.000000000000000000e+00
-8.786031698896330511e-01 4.775525833454245528e-01 0.000000000000000000e+00 -5.987822055816650391e+00 -4.775525833454245528e-01 -8.786031698896330511e-01 0.000000000000000000e+00 5.673493862152099609e+00 0.000000000000000000e+00 0.000000000000000000e+00 1.000000000000000000e+00 0.000000000000000000e+00
-7.064574261400945465e-01 7.077555404597782873e-01 0.000000000000000000e+00 -6.150630950927734375e+00 -7.077555404597782873e-01 -7.064574261400945465e-01 0.000000000000000000e+00 6.176785469055175781e+00 0.000000000000000000e+00 0.000000000000000000e+00 1.000000000000000000e+00 0.000000000000000000e+00
-4.752068682551918166e-01 8.798741002911113496e-01 0.000000000000000000e+00 -6.477814197540283203e+00 -8.798741002911113496e-01 -4.752068682551918166e-01 0.000000000000000000e+00 6.385481834411621094e+00 0.000000000000000000e+00 0.000000000000000000e+00 1.000000000000000000e+00 0.000000000000000000e+00
-1.030539112383151157e-01 9.946757719872769687e-01 0.000000000000000000e+00 -6.989172458648681641e+00 -9.946757719872769687e-01 -1.030539112383151157e-01 0.000000000000000000e+00 6.571357727050781250e+00 0.000000000000000000e+00 0.000000000000000000e+00 1.000000000000000000e+00 0.000000000000000000e+00
1.792049317994341973e-01 9.838117667616911310e-01 0.000000000000000000e+00 -7.371567249298095703e+00 -9.838117667616911310e-01 1.792049317994341973e-01 0.000000000000000000e+00 6.665285587310791016e+00 0.000000000000000000e+00 0.000000000000000000e+00 1.000000000000000000e+00 0.000000000000000000e+00
6.778110972966747694e-01 7.352360956736806452e-01 0.000000000000000000e+00 -7.777068138122558594e+00 -7.352360956736806452e-01 6.778110972966747694e-01 0.000000000000000000e+00 6.514297485351562500e+00 0.000000000000000000e+00 0.000000000000000000e+00 1.000000000000000000e+00 0.000000000000000000e+00
8.731969831711823282e-01 4.873674471902549876e-01 0.000000000000000000e+00 -8.112199783325195312e+00 -4.873674471902549876e-01 8.731969831711823282e-01 0.000000000000000000e+00 6.279836177825927734e+00 0.000000000000000000e+00 0.000000000000000000e+00 1.000000000000000000e+00 0.000000000000000000e+00
9.537734380573316129e-01 3.005265859392432515e-01 0.000000000000000000e+00 -8.202209472656250000e+00 -3.005265859392432515e-01 9.537734380573316129e-01 0.000000000000000000e+00 5.924003124237060547e+00 0.000000000000000000e+00 0.000000000000000000e+00 1.000000000000000000e+00 0.000000000000000000e+00
9.999748255131173380e-01 7.095656418580962958e-03 0.000000000000000000e+00 -8.199120521545410156e+00 -7.095656418580962958e-03 9.999748255131173380e-01 0.000000000000000000e+00 5.944712162017822266e+00 0.000000000000000000e+00 0.000000000000000000e+00 1.000000000000000000e+00 0.000000000000000000e+00
9.996026519836835877e-01 2.818755305426081173e-02 0.000000000000000000e+00 -8.227555274963378906e+00 -2.818755305426081173e-02 9.996026519836835877e-01 0.000000000000000000e+00 5.433189392089843750e+00 0.000000000000000000e+00 0.000000000000000000e+00 1.000000000000000000e+00 0.000000000000000000e+00
9.910569013146506290e-01 -1.334399428829421141e-01 0.000000000000000000e+00 -8.297096252441406250e+00 1.334399428829421141e-01 9.910569013146506290e-01 0.000000000000000000e+00 4.912814617156982422e+00 0.000000000000000000e+00 0.000000000000000000e+00 1.000000000000000000e+00 0.000000000000000000e+00
9.558415222951235357e-01 -2.938826028477031227e-01 0.000000000000000000e+00 -8.205002784729003906e+00 2.938826028477031227e-01 9.558415222951235357e-01 0.000000000000000000e+00 4.404984951019287109e+00 0.000000000000000000e+00 0.000000000000000000e+00 1.000000000000000000e+00 0.000000000000000000e+00
9.182937019459234129e-01 -3.958998319858844650e-01 0.000000000000000000e+00 -8.106747627258300781e+00 3.958998319858844650e-01 9.182937019459234129e-01 0.000000000000000000e+00 4.001899719238281250e+00 0.000000000000000000e+00 0.000000000000000000e+00 1.000000000000000000e+00 0.000000000000000000e+00
8.529319142717095570e-01 -5.220221734915071465e-01 0.000000000000000000e+00 -7.853121757507324219e+00 5.220221734915071465e-01 8.529319142717095570e-01 0.000000000000000000e+00 3.469634532928466797e+00 0.000000000000000000e+00 0.000000000000000000e+00 1.000000000000000000e+00 0.000000000000000000e+00
8.730543134038137865e-01 -4.876229751016611380e-01 0.000000000000000000e+00 -7.510313034057617188e+00 4.876229751016611380e-01 8.730543134038137865e-01 0.000000000000000000e+00 2.939779043197631836e+00 0.000000000000000000e+00 0.000000000000000000e+00 1.000000000000000000e+00 0.000000000000000000e+00
8.402386973104304380e-01 -5.422166832015323790e-01 0.000000000000000000e+00 -7.110115051269531250e+00 5.422166832015323790e-01 8.402386973104304380e-01 0.000000000000000000e+00 2.359827280044555664e+00 0.000000000000000000e+00 0.000000000000000000e+00 1.000000000000000000e+00 0.000000000000000000e+00
7.776560981571641884e-01 -6.286899020971904450e-01 0.000000000000000000e+00 -6.866068363189697266e+00 6.286899020971904450e-01 7.776560981571641884e-01 0.000000000000000000e+00 1.997351765632629395e+00 0.000000000000000000e+00 0.000000000000000000e+00 1.000000000000000000e+00 0.000000000000000000e+00
6.418268758299152665e-01 -7.668495689914747171e-01 0.000000000000000000e+00 -6.497103691101074219e+00 7.668495689914747171e-01 6.418268758299152665e-01 0.000000000000000000e+00 1.575390338897705078e+00 0.000000000000000000e+00 0.000000000000000000e+00 1.000000000000000000e+00 0.000000000000000000e+00
6.771123766901854246e-01 -7.358796296494206635e-01 0.000000000000000000e+00 -6.029537677764892578e+00 7.358796296494206635e-01 6.771123766901854246e-01 0.000000000000000000e+00 1.159016489982604980e+00 0.000000000000000000e+00 0.000000000000000000e+00 1.000000000000000000e+00 0.000000000000000000e+00
7.397284437558000469e-01 -6.729055130541153895e-01 0.000000000000000000e+00 -5.654686927795410156e+00 6.729055130541153895e-01 7.397284437558000469e-01 0.000000000000000000e+00 8.985020518302917480e-01 0.000000000000000000e+00 0.000000000000000000e+00 1.000000000000000000e+00 0.000000000000000000e+00
7.275059172516414874e-01 -6.861014067642243752e-01 0.000000000000000000e+00 -5.317532062530517578e+00 6.861014067642243752e-01 7.275059172516414874e-01 0.000000000000000000e+00 4.488139450550079346e-01 0.000000000000000000e+00 0.000000000000000000e+00 1.000000000000000000e+00 0.000000000000000000e+00
6.210582848638779296e-01 -7.837643821978249603e-01 0.000000000000000000e+00 -4.982204437255859375e+00 7.837643821978249603e-01 6.210582848638779296e-01 0.000000000000000000e+00 1.577986180782318115e-01 0.000000000000000000e+00 0.000000000000000000e+00 1.000000000000000000e+00 0.000000000000000000e+00
5.464126383222772665e-01 -8.375161065207571420e-01 0.000000000000000000e+00 -4.486425399780273438e+00 8.375161065207571420e-01 5.464126383222772665e-01 0.000000000000000000e+00 -2.583460211753845215e-01 0.000000000000000000e+00 0.000000000000000000e+00 1.000000000000000000e+00 0.000000000000000000e+00
3.527698511517139979e-01 -9.357101218424419553e-01 0.000000000000000000e+00 -4.155128002166748047e+00 9.357101218424419553e-01 3.527698511517139979e-01 0.000000000000000000e+00 -7.043629288673400879e-01 0.000000000000000000e+00 0.000000000000000000e+00 1.000000000000000000e+00 0.000000000000000000e+00
4.186458921410635137e-01 -9.081495565122591485e-01 0.000000000000000000e+00 -3.638260602951049805e+00 9.081495565122591485e-01 4.186458921410635137e-01 0.000000000000000000e+00 -8.646707534790039062e-01 0.000000000000000000e+00 0.000000000000000000e+00 1.000000000000000000e+00 0.000000000000000000e+00
5.644202279731588279e-01 -8.254876172631103737e-01 0.000000000000000000e+00 -3.126696586608886719e+00 8.254876172631103737e-01 5.644202279731588279e-01 0.000000000000000000e+00 -1.064650774002075195e+00 0.000000000000000000e+00 0.000000000000000000e+00 1.000000000000000000e+00 0.000000000000000000e+00
4.690933801161824568e-01 -8.831485722862121301e-01 0.000000000000000000e+00 -2.536393642425537109e+00 8.831485722862121301e-01 4.690933801161824568e-01 0.000000000000000000e+00 -1.439241170883178711e+00 0.000000000000000000e+00 0.000000000000000000e+00 1.000000000000000000e+00 0.000000000000000000e+00
4.474794524886002156e-01 -8.942942131091436986e-01 0.000000000000000000e+00 -2.068939447402954102e+00 8.942942131091436986e-01 4.474794524886002156e-01 0.000000000000000000e+00 -1.460584044456481934e+00 0.000000000000000000e+00 0.000000000000000000e+00 1.000000000000000000e+00 0.000000000000000000e+00
3.373886947985314522e-01 -9.413654277814452742e-01 0.000000000000000000e+00 -2.090493440628051758e+00 9.413654277814452742e-01 3.373886947985314522e-01 0.000000000000000000e+00 -1.512794852256774902e+00 0.000000000000000000e+00 0.000000000000000000e+00 1.000000000000000000e+00 0.000000000000000000e+00
2.531566652536869078e-01 -9.674252957400032438e-01 0.000000000000000000e+00 -1.617161393165588379e+00 9.674252957400032438e-01 2.531566652536869078e-01 0.000000000000000000e+00 -1.595756173133850098e+00 0.000000000000000000e+00 0.000000000000000000e+00 1.000000000000000000e+00 0.000000000000000000e+00
1.104109795186744986e-01 -9.938860174093037125e-01 0.000000000000000000e+00 -1.227572679519653320e+00 9.938860174093037125e-01 1.104109795186744986e-01 0.000000000000000000e+00 -1.468002080917358398e+00 0.000000000000000000e+00 0.000000000000000000e+00 1.000000000000000000e+00 0.000000000000000000e+00
-7.174371258696876641e-02 -9.974230996443979036e-01 0.000000000000000000e+00 -7.896473407745361328e-01 9.974230996443979036e-01 -7.174371258696876641e-02 0.000000000000000000e+00 -1.323136568069458008e+00 0.000000000000000000e+00 0.000000000000000000e+00 1.000000000000000000e+00 0.000000000000000000e+00
-2.745098283681972062e-01 -9.615842938241363491e-01 0.000000000000000000e+00 -3.015662133693695068e-01 9.615842938241363491e-01 -2.745098283681972062e-01 0.000000000000000000e+00 -1.248044967651367188e+00 0.000000000000000000e+00 0.000000000000000000e+00 1.000000000000000000e+00 0.000000000000000000e+00
-4.288693472901856651e-01 -9.033665274709320459e-01 0.000000000000000000e+00 -6.618636846542358398e-02 9.033665274709320459e-01 -4.288693472901856651e-01 0.000000000000000000e+00 -9.837344288825988770e-01 0.000000000000000000e+00 0.000000000000000000e+00 1.000000000000000000e+00 0.000000000000000000e+00
-5.556698811095801549e-01 -8.314030209397035298e-01 0.000000000000000000e+00 2.133837640285491943e-01 8.314030209397035298e-01 -5.556698811095801549e-01 0.000000000000000000e+00 -7.483516931533813477e-01 0.000000000000000000e+00 0.000000000000000000e+00 1.000000000000000000e+00 0.000000000000000000e+00
-6.873400523352578562e-01 -7.263357711525468829e-01 0.000000000000000000e+00 4.628102481365203857e-01 7.263357711525468829e-01 -6.873400523352578562e-01 0.000000000000000000e+00 -5.671530365943908691e-01 0.000000000000000000e+00 0.000000000000000000e+00 1.000000000000000000e+00 0.000000000000000000e+00
-8.047063018087534658e-01 -5.936731152993871552e-01 0.000000000000000000e+00 6.900559067726135254e-01 5.936731152993871552e-01 -8.047063018087534658e-01 0.000000000000000000e+00 -1.703229248523712158e-01 0.000000000000000000e+00 0.000000000000000000e+00 1.000000000000000000e+00 0.000000000000000000e+00
-8.662598891677081303e-01 -4.995936392901235701e-01 0.000000000000000000e+00 9.163354635238647461e-01 4.995936392901235701e-01 -8.662598891677081303e-01 0.000000000000000000e+00 1.008684784173965454e-01 0.000000000000000000e+00 0.000000000000000000e+00 1.000000000000000000e+00 0.000000000000000000e+00
9.255078858555694232e-01 3.787283369635209840e-01 0.000000000000000000e+00 1.113181829452514648e+00 -3.787283369635209840e-01 9.255078858555694232e-01 0.000000000000000000e+00 5.323489904403686523e-01 0.000000000000000000e+00 0.000000000000000000e+00 1.000000000000000000e+00 0.000000000000000000e+00
9.562160221115324488e-01 2.926617827069282196e-01 0.000000000000000000e+00 1.180285692214965820e+00 -2.926617827069282196e-01 9.562160221115324488e-01 0.000000000000000000e+00 9.145827889442443848e-01 0.000000000000000000e+00 0.000000000000000000e+00 1.000000000000000000e+00 0.000000000000000000e+00
9.740740671206070678e-01 2.262293344443181697e-01 0.000000000000000000e+00 1.264918446540832520e+00 -2.262293344443181697e-01 9.740740671206070678e-01 0.000000000000000000e+00 1.363943576812744141e+00 0.000000000000000000e+00 0.000000000000000000e+00 1.000000000000000000e+00 0.000000000000000000e+00
9.965226025346093364e-01 8.332288183715842733e-02 0.000000000000000000e+00 1.320042729377746582e+00 -8.332288183715842733e-02 9.965226025346093364e-01 0.000000000000000000e+00 1.947519898414611816e+00 0.000000000000000000e+00 0.000000000000000000e+00 1.000000000000000000e+00 0.000000000000000000e+00
9.836865145907086605e-01 -1.798911921478747733e-01 0.000000000000000000e+00 1.225869655609130859e+00 1.798911921478747733e-01 9.836865145907086605e-01 0.000000000000000000e+00 2.191664695739746094e+00 0.000000000000000000e+00 0.000000000000000000e+00 1.000000000000000000e+00 0.000000000000000000e+00
9.470461461406102233e-01 -3.210974884364841131e-01 0.000000000000000000e+00 1.099724054336547852e+00 3.210974884364841131e-01 9.470461461406102233e-01 0.000000000000000000e+00 2.541107654571533203e+00 0.000000000000000000e+00 0.000000000000000000e+00 1.000000000000000000e+00 0.000000000000000000e+00
8.664874389223028439e-01 -4.991988763908313809e-01 0.000000000000000000e+00 7.278215885162353516e-01 4.991988763908313809e-01 8.664874389223028439e-01 0.000000000000000000e+00 2.985692024230957031e+00 0.000000000000000000e+00 0.000000000000000000e+00 1.000000000000000000e+00 0.000000000000000000e+00
8.259225409765182935e-01 -5.637836076961545428e-01 0.000000000000000000e+00 4.213934540748596191e-01 5.637836076961545428e-01 8.259225409765182935e-01 0.000000000000000000e+00 3.498341083526611328e+00 0.000000000000000000e+00 0.000000000000000000e+00 1.000000000000000000e+00 0.000000000000000000e+00
7.624588630757546115e-01 -6.470366930222950508e-01 0.000000000000000000e+00 3.199290931224822998e-01 6.470366930222950508e-01 7.624588630757546115e-01 0.000000000000000000e+00 3.736926078796386719e+00 0.000000000000000000e+00 0.000000000000000000e+00 1.000000000000000000e+00 0.000000000000000000e+00
-6.785963980499425396e-01 7.345113535907010771e-01 0.000000000000000000e+00 -1.577040404081344604e-01 -7.345113535907010771e-01 -6.785963980499425396e-01 0.000000000000000000e+00 3.998690128326416016e+00 0.000000000000000000e+00 0.000000000000000000e+00 1.000000000000000000e+00 0.000000000000000000e+00
